2	10290572
4	11692376
6	10662546
8	2166275
10	823241
12	381972
14	365765
16	407100
18	247149
20	252513
22	119137
24	156166
26	106189
28	90221
30	138070
32	67086
34	46477
36	45170
38	36522
40	60885
42	32421
44	26122
46	24074
48	33202
50	29329
52	18081
54	17831
56	16907
58	13293
60	19971
62	8953
64	20927
66	10732
68	9096
70	11402
72	10396
74	8730
76	6577
78	7723
80	10369
82	5644
84	6925
86	4773
88	6690
90	7573
92	5243
94	4172
96	5938
98	5420
100	5677
102	4674
104	4393
106	3560
108	4165
110	4300
112	3513
114	3435
116	2848
118	3037
120	4500
122	2980
124	2706
126	2731
128	3014
130	3003
132	2688
134	2082
136	19323
138	102063
140	11456
142	1804
144	2553
146	1847
148	2011
150	2430
152	1901
154	1981
156	1936
158	1772
160	2194
162	4857
164	12938
166	152650
168	54393
170	116095
172	76984
174	151910
176	111136
178	108468
180	166412
182	282056
184	3020
186	1329
188	1264
190	1334
192	1515
194	1067
196	1138
198	1232
200	1269
202	983
204	1251
206	916
208	1063
210	1312
212	847
214	866
216	1021
218	844
220	876
222	891
224	899
226	741
228	931
230	841
232	786
234	869
236	713
238	759
240	1046
242	671
244	752
246	675
248	674
250	696
252	939
254	594
256	629
258	727
260	680
262	507
264	687
266	580
268	521
270	691
272	529
274	512
276	521
278	465
280	691
282	523
284	436
286	474
288	554
290	458
292	412
294	507
296	384
298	403
300	533
302	379
304	410
306	392
308	436
310	382
312	486
314	370
316	360
318	419
320	1009
322	364
324	380
326	298
328	337
330	410
332	297
334	300
336	373
338	292
340	305
342	325
344	285
346	253
348	334
350	302
352	259
354	292
356	235
358	262
360	489
362	217
364	272
366	277
368	214
370	285
372	303
374	229
376	237
378	341
380	241
382	211
384	314
386	199
388	194
390	400
392	200
394	201
396	235
398	191
400	414
402	225
404	205
406	191
408	205
410	192
412	295
414	222
416	163
418	168
420	273
422	167
424	135
426	197
428	166
430	166
432	166
434	145
436	144
438	173
440	202
442	180
444	174
446	130
448	187
450	177
452	127
454	130
456	172
458	120
460	146
462	148
464	116
466	168
468	168
470	128
472	123
474	143
476	142
478	97
480	189
482	94
484	284
486	117
488	107
490	126
492	166
494	115
496	114
498	100
500	110
502	109
504	205
506	88
508	112
510	113
512	117
514	111
516	116
518	110
520	134
522	132
524	95
526	80
528	133
530	112
532	139
534	107
536	98
538	81
540	151
542	84
544	68
546	111
548	101
550	377
552	97
554	70
556	70
558	88
560	2991
562	74
564	110
566	72
568	78
570	286
572	87
574	139
576	97
578	67
580	3964
582	76
584	68
586	60
588	125
590	1295
592	46
594	78
596	60
598	58
600	2425
602	71
604	57
606	85
608	77
610	4719
612	80
614	43
616	302
618	75
620	6125
622	57
624	94
626	54
628	61
630	3736
632	43
634	57
636	69
638	48
640	7837
642	61
644	186
646	50
648	67
650	6205
652	64
654	1067
656	48
658	114
660	10298
662	38
664	49
666	1378
668	45
670	6655
672	1746
674	47
676	44
678	6777
680	7611
682	47
684	2853
686	64
688	37
690	9649
692	44
694	24
696	6679
698	39
700	10148
702	2479
704	45
706	34
708	4800
710	5313
712	36
714	8024
716	24
718	31
720	14761
722	33
724	32
726	13517
728	148
730	5824
732	13391
734	34
736	42
738	10831
740	2746
742	127
744	13304
746	35
748	37
750	18866
752	21
754	41
756	24588
758	38
760	6546
762	21884
764	29
766	23
768	16248
770	5245
772	28
774	14403
776	35
778	30
780	27175
782	37
784	50
786	20920
788	22
790	387
792	28513
794	21
796	28
798	27965
800	312
802	31
804	36569
806	29
808	29
810	29904
812	76
814	29
816	26971
818	21
820	195
822	20753
824	27
826	38
828	30732
830	29
832	32
834	26908
836	45
838	28
840	27464
842	20
844	20
846	30080
848	24
850	284
852	20884
854	34
856	19
858	27416
860	446
862	17
864	26290
866	22
868	52
870	20362
872	13
874	14
876	31401
878	15
880	23
882	19279
884	21
886	17
888	15317
890	20
892	18
894	17478
896	62
898	14
900	17615
902	10
904	23
906	13240
908	32
910	70
912	5198
914	17
916	24
918	16374
920	24
922	24
924	8733
926	9
928	25
930	5059
932	31
934	18
936	8128
938	28
940	22
942	9785
944	17
946	14
948	4198
950	19
952	42
954	3906
956	23
958	11
960	4264
962	16
964	22
966	5620
968	17
970	15
972	30
974	13
976	23
978	1321
980	115
982	12
984	1346
986	16
988	15
990	30
992	17
994	66
996	17
998	20
1000	16
1002	14
1004	20
1006	9
1008	253
1010	1196
1012	6
1014	1476
1016	12
1018	8
1020	1266
1022	28
1024	14
1026	18
1028	11
1030	15
1032	1097
1034	8
1036	40
1038	8
1040	12
1042	5
1044	10
1046	6
1048	7
1050	24
1052	6
1054	3
1056	11
1058	9
1060	10
1062	1510
1064	70
1066	7
1068	17
1070	11
1072	10
1074	13
1076	2
1078	69
1080	1338
1082	8
1084	9
1086	10
1088	13
1090	11
1092	41
1094	8
1096	11
1098	10
1100	6
1102	4
1104	12
1106	48
1108	9
1110	9
1112	7
1114	5
1116	10
1118	5
1120	19
1122	9
1124	11
1126	7
1128	8
1130	13
1132	6
1134	16
1136	9
1138	2
1140	14
1142	8
1144	18
1146	4
1148	20
1150	8
1152	16
1154	7
1156	5
1158	10
1160	6
1162	16
1164	3
1166	4
1168	4
1170	13
1172	7
1174	7
1176	29
1178	6
1180	6
1182	5
1184	5
1186	6
1188	9
1190	57
1192	8
1194	5
1196	3
1198	8
1200	18
1202	1
1204	30
1206	9
1208	5
1210	7
1212	8
1214	3
1216	7
1218	8
1220	8
1222	8
1224	15
1226	2
1228	4
1230	5
1232	38
1234	1
1236	8
1238	3
1240	11
1242	7
1244	4
1246	33
1248	10
1250	2
1252	4
1254	64
1256	6
1258	3
1260	21
1262	3
1264	6
1266	6
1268	4
1270	8
1272	8
1274	19
1276	6
1278	9
1280	10
1282	3
1284	11
1286	8
1288	15
1290	12
1292	9
1294	5
1296	11
1298	7
1300	7
1302	31
1304	6
1306	1
1308	11
1310	4
1312	3
1314	1
1316	18
1318	2
1320	13
1322	2
1324	2
1326	4
1328	9
1330	24
1332	5
1334	3
1336	4
1338	6
1340	8
1342	5
1344	58
1346	4
1348	5
1350	3
1352	4
1354	2
1356	4
1358	11
1360	6
1362	6
1364	3
1366	8
1368	11
1370	7
1372	19
1374	4
1376	3
1378	4
1380	7
1382	2
1384	1
1386	37
1388	6
1390	4
1392	10
1394	4
1396	7
1398	10
1400	117
1402	8
1404	10
1406	3
1408	7
1410	1
1412	6
1414	129
1416	5
1418	2
1420	5
1422	4
1424	7
1426	2
1428	29
1430	3
1432	4
1434	5
1436	2
1438	3
1440	5
1442	18
1444	5
1446	5
1448	4
1450	2
1452	11
1454	5
1456	15
1458	7
1460	4
1462	7
1464	8
1466	1
1468	4
1470	50
1472	5
1474	6
1476	10
1478	3
1480	6
1482	5
1484	36
1486	1
1488	8
1490	4
1492	5
1494	7
1496	10
1498	21
1500	5
1502	4
1504	4
1506	3
1508	4
1510	3
1512	39
1514	2
1516	2
1518	10
1520	5
1522	1
1524	2
1526	31
1528	3
1530	4
1532	4
1534	5
1536	4
1538	2
1540	35
1542	5
1544	3
1546	4
1548	2
1550	5
1552	5
1554	38
1556	10
1558	10
1560	6
1562	6
1564	3
1566	3
1568	54
1570	10
1572	4
1574	4
1576	3
1578	3
1580	6
1582	4
1584	8
1586	4
1588	4
1590	7
1592	4
1596	6
1598	2
1600	4
1602	7
1604	5
1606	115
1608	3
1610	4
1612	1
1614	5
1616	3
1620	4
1622	3
1624	13
1626	5
1628	3
1630	6
1632	10
1634	4
1636	3
1638	32
1640	3
1642	3
1644	3
1646	2
1648	2
1650	5
1652	20
1654	4
1656	5
1658	1
1660	2
1662	5
1664	7
1666	23
1668	5
1670	5
1672	11
1674	2
1676	2
1678	2
1680	41
1682	4
1684	6
1686	7
1688	1
1690	6
1692	9
1694	10
1696	4
1698	4
1700	9
1702	6
1704	3
1708	28
1710	2
1712	5
1714	3
1716	4
1718	3
1720	2
1722	22
1724	1
1726	3
1728	4
1730	8
1732	4
1734	4
1736	138
1738	3
1740	7
1742	3
1744	7
1746	2
1748	4
1750	7
1752	2
1756	1
1758	2
1760	7
1762	1
1764	7
1766	2
1768	2
1770	3
1774	1
1776	7
1778	28
1780	2
1782	4
1784	1
1786	2
1788	4
1790	3
1792	40
1794	2
1796	3
1798	1
1800	4
1802	2
1806	74
1808	1
1810	4
1812	9
1814	2
1816	1
1818	9
1820	19
1822	2
1824	3
1826	4
1828	5
1830	6
1832	1
1834	22
1836	5
1838	2
1840	5
1842	2
1844	4
1846	1
1848	9
1850	5
1852	4
1854	1
1856	1
1858	1
1860	1
1862	27
1864	3
1868	4
1870	6
1872	4
1874	3
1876	11
1878	6
1880	2
1882	3
1884	3
1886	4
1888	3
1890	25
1892	5
1894	3
1896	1
1898	3
1900	4
1902	4
1904	1
1908	3
1910	3
1912	2
1914	2
1916	2
1918	4
1920	6
1922	1
1924	3
1926	1
1928	2
1930	2
1932	30
1934	1
1936	2
1938	5
1940	1
1942	3
1944	5
1946	19
1948	1
1950	3
1952	5
1956	2
1958	4
1960	14
1962	3
1966	2
1968	1
1972	3
1974	34
1976	1
1978	3
1980	3
1982	1
1988	11
1990	4
1992	3
1996	2
1998	4
2000	10
2002	27
2004	2
2006	1
2008	1
2010	1
2012	3
2014	2
2016	20
2020	5
2022	5
2028	7
2030	12
2032	4
2034	4
2036	2
2040	5
2042	4
2044	29
2046	2
2048	1
2050	2
2054	1
2058	33
2060	2
2064	2
2066	4
2068	1
2070	2
2072	57
2074	2
2076	4
2080	3
2082	3
2084	2
2086	46
2088	2
2090	4
2092	1
2094	5
2096	2
2100	20
2102	1
2106	1
2108	1
2110	1
2112	1
2114	20
2116	4
2118	3
2120	2
2122	5
2124	4
2128	37
2130	5
2132	6
2134	5
2136	2
2138	4
2140	6
2142	13
2144	1
2146	3
2148	5
2150	2
2152	2
2154	2
2156	7
2158	2
2160	4
2162	4
2164	4
2166	5
2168	1
2170	3
2172	5
2174	3
2176	2
2178	1
2180	4
2182	1
2184	41
2186	2
2190	2
2192	4
2196	1
2198	4
2200	2
2202	1
2206	3
2208	1
2210	3
2212	56
2214	3
2216	1
2220	5
2222	1
2224	3
2226	63
2228	2
2232	4
2236	5
2238	7
2240	32
2242	2
2244	9
2246	1
2248	3
2250	2
2252	3
2254	28
2256	6
2260	2
2262	3
2264	3
2266	2
2268	12
2270	5
2272	2
2274	3
2278	4
2280	5
2282	25
2284	1
2286	2
2290	1
2292	1
2294	2
2296	25
2298	4
2300	1
2302	1
2304	4
2306	1
2308	1
2310	8
2312	1
2318	1
2322	3
2324	9
2328	1
2330	3
2334	3
2338	5
2340	4
2342	2
2344	1
2346	3
2348	1
2350	1
2352	5
2354	1
2356	1
2358	3
2362	1
2364	1
2366	7
2368	2
2370	3
2376	5
2378	3
2380	28
2382	1
2384	1
2388	2
2390	2
2392	1
2394	2
2396	3
2400	5
2402	1
2404	2
2406	1
2408	28
2410	2
2416	2
2418	2
2420	3
2422	32
2424	1
2430	5
2432	3
2436	26
2438	2
2440	3
2442	2
2444	2
2446	1
2450	88
2454	2
2456	1
2458	1
2460	1
2464	17
2466	1
2468	2
2470	3
2472	3
2474	1
2476	2
2478	17
2480	6
2484	5
2486	1
2490	2
2492	2
2496	1
2500	4
2506	35
2508	6
2510	1
2512	1
2514	1
2520	26
2522	1
2524	2
2526	3
2528	1
2530	3
2532	1
2534	17
2536	2
2538	1
2540	2
2546	2
2548	107
2550	2
2552	1
2554	2
2556	2
2558	4
2560	4
2562	11
2568	2
2570	2
2574	1
2576	12
2578	2
2580	2
2584	3
2586	4
2590	34
2592	4
2596	1
2600	3
2604	13
2608	1
2610	1
2614	2
2616	4
2618	8
2624	2
2626	1
2628	4
2630	1
2632	5
2638	1
2640	1
2642	4
2644	2
2646	75
2650	2
2656	3
2660	4
2672	1
2674	30
2676	1
2682	1
2684	1
2688	8
2690	2
2692	3
2696	1
2698	2
2700	5
2702	1
2706	1
2708	2
2712	2
2716	4
2720	2
2724	1
2726	1
2728	2
2730	16
2732	1
2736	2
2738	1
2744	3
2748	3
2750	2
2752	5
2754	2
2758	82
2760	4
2762	1
2764	2
2766	1
2768	1
2772	26
2774	1
2778	1
2784	1
2788	3
2792	2
2796	1
2800	2
2808	1
2810	1
2814	2
2818	1
2820	3
2822	1
2830	1
2832	3
2836	1
2838	3
2840	1
2842	3
2850	1
2852	2
2856	3
2864	2
2866	1
2870	2
2872	1
2874	2
2878	2
2880	2
2884	1
2888	1
2892	4
2896	1
2898	5
2900	1
2910	4
2916	1
2922	3
2926	3
2928	4
2930	1
2932	1
2934	2
2936	1
2940	2
2946	1
2950	2
2952	1
2954	2
2956	1
2964	1
2972	1
2978	1
2980	3
2986	1
2988	7
2990	1
2994	1
2996	2
2998	1
3000	3
3010	1
3012	3
3014	2
3016	1
3020	1
3022	1
3024	1
3030	2
3036	2
3040	2
3042	1
3048	2
3052	3
3058	3
3060	1
3062	2
3066	1
3080	3
3082	1
3086	1
3088	1
3090	1
3092	1
3098	1
3104	1
3114	1
3116	2
3120	5
3122	2
3124	2
3130	1
3132	2
3134	1
3136	1
3152	2
3156	4
3172	1
3180	2
3182	1
3186	2
3192	1
3198	4
3200	1
3202	3
3204	1
3210	1
3218	1
3220	1
3224	3
3230	2
3234	2
3240	1
3246	2
3250	2
3256	1
3258	1
3260	1
3264	2
3270	1
3272	1
3276	2
3278	1
3280	3
3282	1
3290	2
3300	1
3302	3
3304	1
3312	2
3318	1
3320	3
3324	1
3328	1
3330	5
3336	2
3340	2
3342	1
3344	1
3350	1
3360	4
3370	1
3372	1
3378	1
3380	1
3390	1
3392	2
3396	1
3402	1
3404	1
3408	1
3410	1
3412	1
3414	1
3416	2
3420	3
3424	1
3426	1
3428	1
3440	1
3442	1
3444	3
3448	3
3450	1
3454	2
3462	2
3464	1
3466	3
3468	1
3470	1
3474	1
3480	1
3488	1
3490	2
3494	1
3496	3
3502	1
3504	2
3506	1
3508	1
3516	4
3522	2
3526	1
3528	1
3532	2
3536	4
3540	4
3548	3
3554	1
3556	1
3562	2
3568	1
3570	4
3584	2
3586	2
3596	1
3600	3
3610	1
3628	2
3630	1
3632	1
3650	1
3652	1
3654	1
3660	2
3662	1
3666	2
3670	1
3672	3
3682	1
3690	1
3694	1
3696	1
3698	1
3704	1
3706	1
3718	1
3720	3
3724	1
3728	1
3736	1
3738	1
3740	3
3742	1
3746	1
3748	2
3750	1
3752	1
3760	1
3762	3
3770	1
3772	2
3774	1
3776	6
3778	3
3780	2
3782	4
3784	1
3796	2
3800	1
3818	1
3822	1
3834	1
3844	2
3846	1
3856	2
3860	1
3862	6
3872	1
3884	1
3888	1
3900	1
3906	5
3920	1
3922	1
3930	2
3936	1
3940	2
3942	1
3950	1
3952	1
3954	1
3958	1
3968	3
3974	2
3976	1
3978	1
3980	2
3994	1
4004	2
4008	3
4010	1
4014	1
4018	1
4020	1
4026	2
4030	2
4032	1
4040	2
4042	1
4046	1
4050	1
4052	1
4054	1
4072	2
4080	1
4084	2
4094	1
4098	5
4100	1
4104	2
4108	1
4122	1
4128	1
4142	1
4146	2
4154	2
4156	1
4158	1
4160	1
4170	1
4180	3
4182	1
4184	1
4202	1
4204	1
4210	1
4216	1
4222	1
4232	1
4236	2
4240	1
4242	2
4248	1
4254	2
4264	1
4276	1
4292	1
4294	1
4296	1
4298	1
4302	3
4304	2
4310	2
4314	1
4316	1
4318	1
4326	2
4328	1
4330	1
4342	1
4358	1
4360	1
4368	1
4372	1
4380	4
4392	1
4394	1
4400	1
4404	3
4410	1
4412	1
4416	1
4424	2
4428	1
4432	1
4442	1
4444	2
4448	1
4460	1
4464	1
4468	1
4470	1
4472	2
4488	1
4490	1
4494	2
4500	1
4508	1
4514	1
4516	2
4518	1
4520	2
4522	1
4524	1
4530	1
4544	1
4550	2
4554	1
4556	1
4560	1
4582	1
4630	2
4638	1
4646	2
4650	1
4656	1
4684	1
4692	2
4698	1
4700	1
4710	2
4722	2
4724	1
4728	1
4732	1
4752	1
4754	2
4764	1
4784	1
4786	1
4792	1
4794	1
4796	2
4800	1
4814	1
4836	1
4854	1
4860	1
4894	1
4896	1
4912	1
4916	1
4920	2
4922	1
4924	1
4928	1
4930	2
4950	3
4968	2
4974	1
4984	1
4986	2
4988	1
4994	1
5002	1
5008	1
5010	1
5018	1
5020	2
5028	1
5030	2
5036	1
5038	1
5056	1
5066	1
5070	1
5076	1
5080	3
5082	1
5084	1
5096	1
5110	1
5112	2
5116	1
5130	1
5136	1
5140	1
5160	1
5170	1
5172	2
5176	1
5178	1
5190	2
5192	1
5196	2
5216	1
5232	2
5240	1
5278	1
5280	1
5286	1
5294	1
5302	1
5340	1
5356	1
5372	1
5376	1
5380	1
5382	4
5384	1
5392	1
5400	1
5410	1
5412	1
5420	1
5430	1
5436	1
5440	1
5448	3
5470	1
5478	1
5480	1
5484	1
5488	1
5496	2
5500	1
5516	1
5520	2
5544	1
5568	1
5586	1
5590	2
5592	1
5604	1
5612	1
5618	1
5624	1
5626	1
5636	1
5650	1
5658	1
5664	1
5668	1
5688	1
5716	1
5720	1
5756	1
5764	2
5768	3
5770	2
5778	1
5780	2
5792	1
5796	3
5798	1
5816	1
5818	1
5832	1
5840	1
5860	1
5868	1
5888	1
5896	1
5904	3
5916	2
5928	1
5948	1
5964	1
6010	1
6018	1
6020	1
6040	1
6042	1
6080	1
6096	2
6120	1
6126	1
6144	1
6150	1
6164	2
6168	2
6210	1
6246	1
6260	1
6266	1
6268	1
6356	1
6366	1
6402	1
6448	1
6458	1
6500	1
6552	1
6570	1
6576	1
6586	1
6594	2
6606	1
6634	1
6640	1
6648	1
6652	1
6660	3
6664	1
6670	1
6704	1
6716	1
6744	1
6746	1
6748	1
6750	1
6786	1
6790	1
6800	1
6810	2
6834	1
6852	2
6864	3
6882	1
6888	2
6890	1
6944	1
6960	1
6984	1
7030	1
7050	2
7056	1
7078	1
7084	1
7092	1
7140	2
7168	1
7174	1
7196	1
7200	2
7258	1
7266	1
7272	1
7284	2
7306	1
7328	1
7368	1
7394	1
7448	6
7464	1
7470	1
7480	1
7510	1
7538	1
7580	1
7600	2
7602	1
7612	1
7644	1
7668	1
7680	1
7686	1
7726	2
7756	1
7760	1
7840	1
7848	1
7866	1
7912	1
7914	1
8002	1
8042	1
8064	1
8066	1
8100	2
8112	2
8118	1
8148	1
8184	1
8190	1
8196	1
8206	1
8220	2
8226	1
8274	2
8282	1
8304	1
8352	1
8356	1
8372	1
8410	1
8416	1
8422	1
8442	1
8446	1
8464	1
8480	1
8514	1
8526	1
8552	1
8602	1
8604	1
8624	1
8632	2
8672	1
8712	2
8792	1
8830	1
8880	1
8910	1
8990	1
8996	1
9080	1
9120	1
9208	1
9238	1
9294	1
9348	1
9400	1
9402	2
9432	1
9456	2
9492	1
9522	1
9546	1
9700	2
9732	1
9752	1
9838	1
9844	1
9884	1
9894	1
9910	1
9934	1
9940	1
9946	2
10080	1
10096	1
10168	1
10218	1
10292	1
10322	1
10440	1
10496	1
10518	2
10528	1
10650	1
10658	1
10662	1
10680	1
10828	1
10872	1
10880	1
10912	1
10938	1
11080	1
11178	1
11252	1
11260	1
11476	1
11518	1
11532	1
11570	1
11636	1
11778	1
11832	1
11886	1
11970	1
12012	3793
12016	2
12018	15309
12020	1
12040	1
12064	2
12090	1
12144	1
12188	1
12236	2
12768	2
12860	1
12928	1
12944	1
13020	1
13044	1
13090	1
13146	1
13240	1
13246	1
13552	1
13584	1
13590	1
13640	1
13650	1
13668	1
13958	1
13972	2
14056	1
14144	1
14170	1
14180	2
14222	1
14510	1
14570	1
14580	1
14600	1
15150	1
15198	1
15220	1
15250	1
15308	2
15348	1
15356	1
15820	1
15838	1
15850	1
15884	1
15956	1
15984	1
16112	1
16310	1
16618	1
16660	1
16680	1
16902	1
17122	1
17360	1
17538	1
17632	1
17838	2
17868	1
17910	1
17950	1
17992	1
18042	1
18064	1
18240	1
18270	1
18588	1
18590	1
18794	1
18840	1
18928	1
18940	1
19372	1
19464	1
19734	1
20154	1
20424	1
20436	1
20612	1
20790	1
20880	1
21034	1
21260	1
21272	1
21472	1
21608	1
21698	1
21780	1
21988	1
22282	1
22502	1
22542	1
22544	1
22566	1
23390	1
23688	1
23690	2
24242	2
24374	1
24596	1
24744	1
24972	1
25286	1
25358	1
25450	1
26150	1
26420	1
26598	1
26664	1
26898	1
27540	1
27544	1
28098	1
28188	1
28562	1
30036	1
32112	1
32860	1
33054	1
33790	1
33850	1
34224	1
34506	1
35010	1
35072	1
36480	1
37132	1
39192	1
40260	1
42534	1
44812	1
45332	1
45522	1
45820	1
48804	1
49368	1
53360	1
54016	1
54536	1
55380	1
55820	1
62532	1
67006	1
68940	1
70528	1
73062	1
74700	1
75300	1
77642	1
78222	1
82614	1
89916	1
91314	1
95928	1
100762	1
111976	1
116030	1
125022	1
128052	1
135844	1
136990	1
138138	1
155832	2
155834	1
175674	1
248626	1
323828	1
351764	1
764528	1
1006296	1
1	8950222
3	49171908
5	4945471
7	8923837
9	568827
11	331132
13	363834
15	250779
17	173586
19	420722
21	112750
23	97007
25	82543
27	70248
29	56580
31	47852
33	38039
35	31008
37	26614
39	29463
41	20510
43	19032
45	23132
47	20826
49	20324
51	18002
53	9882
55	9930
57	9846
59	15846
61	8012
63	10018
65	15332
67	10477
69	6072
71	6542
73	4741
75	6010
77	4783
79	7345
81	5020
83	4000
85	4292
87	4263
89	3904
91	3717
93	3748
95	3562
97	3485
99	3877
101	10511
103	2901
105	3443
107	2750
109	2869
111	2950
113	2472
115	2615
117	2896
119	2326
121	2311
123	2410
125	2306
127	2187
129	2369
131	1966
133	1958
135	11052
137	55209
139	21947
141	1984
143	1734
145	1732
147	1767
149	1628
151	1525
153	1649
155	1589
157	1574
159	1625
161	3058
163	5632
165	85442
167	24447
169	61618
171	67577
173	160998
175	155375
177	206524
179	23571
181	440646
183	60975
185	1128
187	1122
189	1181
191	1041
193	989
195	1174
197	987
199	1011
201	1106
203	897
205	911
207	1031
209	908
211	820
213	892
215	811
217	747
219	875
221	766
223	682
225	874
227	768
229	718
231	779
233	657
235	620
237	739
239	638
241	593
243	731
245	617
247	625
249	657
251	572
253	583
255	633
257	559
259	538
261	618
263	539
265	499
267	567
269	467
271	1227
273	523
275	481
277	507
279	509
281	437
283	402
285	468
287	446
289	392
291	490
293	369
295	403
297	444
299	361
301	500
303	398
305	375
307	375
309	547
311	328
313	336
315	405
317	334
319	300
321	361
323	584
325	343
327	296
329	291
331	284
333	342
335	259
337	301
339	279
341	261
343	236
345	319
347	279
349	280
351	309
353	255
355	251
357	276
359	233
361	225
363	248
365	218
367	232
369	251
371	205
373	240
375	236
377	225
379	207
381	211
383	187
385	206
387	231
389	176
391	189
393	217
395	203
397	206
399	210
401	164
403	198
405	211
407	164
409	146
411	216
413	147
415	167
417	178
419	160
421	191
423	177
425	148
427	132
429	153
431	136
433	128
435	170
437	141
439	125
441	154
443	212
445	136
447	158
449	119
451	132
453	143
455	144
457	124
459	142
461	126
463	103
465	201
467	122
469	117
471	126
473	104
475	101
477	126
479	112
481	137
483	110
485	103
487	101
489	121
491	107
493	129
495	114
497	78
499	88
501	96
503	101
505	72
507	113
509	83
511	102
513	107
515	161
517	77
519	104
521	71
523	80
525	89
527	63
529	57
531	111
533	87
535	71
537	90
539	66
541	67
543	89
545	576
547	63
549	72
551	79
553	70
555	270
557	65
559	87
561	91
563	55
565	847
567	77
569	68
571	65
573	73
575	1777
577	58
579	66
581	73
583	53
585	662
587	67
589	42
591	61
593	52
595	1083
597	70
599	67
601	55
603	82
605	1582
607	53
609	57
611	52
613	63
615	5756
617	51
619	55
621	58
623	51
625	6085
627	1243
629	53
631	44
633	69
635	9682
637	53
639	52
641	46
643	39
645	2800
647	43
649	42
651	57
653	58
655	6154
657	46
659	34
661	45
663	57
665	11121
667	49
669	196
671	45
673	44
675	8024
677	31
679	51
681	42
683	43
685	6318
687	41
689	39
691	47
693	59
695	9148
697	45
699	32
701	31
703	37
705	5372
707	39
709	37
711	35
713	39
715	5855
717	68
719	30
721	28
723	43
725	10020
727	34
729	26
731	28
733	27
735	4771
737	23
739	21
741	41
743	17
745	3570
747	42
749	34
751	30
753	52
755	4804
757	29
759	38
761	32
763	28
765	4672
767	32
769	28
771	34
773	28
775	2489
777	29
779	22
781	33
783	32
785	769
787	27
789	41
791	20
793	18
795	636
797	30
799	18
801	25
803	304
805	439
807	32
809	14
811	20
813	28
815	209
817	22
819	20
821	30
823	17
825	24
827	19
829	19
831	32
833	19
835	14
837	23
839	25
841	24
843	22
845	71
847	17
849	34
851	24
853	23
855	22
857	25
859	20
861	29
863	22
865	21
867	29
869	14
871	8
873	19
875	18
877	16
879	33
881	13
883	13
885	23
887	19
889	20
891	19
893	22
895	15
897	23
899	29
901	19
903	19
905	11
907	12
909	24
911	10
913	14
915	18
917	16
919	13
921	18
923	23
925	15
927	12
929	11
931	17
933	17
935	15
937	18
939	13
941	18
943	16
945	36
947	20
949	16
951	20
953	23
955	23
957	22
959	11
961	15
963	22
965	14
967	25
969	10
971	16
973	12
975	21
977	15
979	19
981	28
983	16
985	17
987	18
989	8
991	21
993	15
995	16
997	11
999	23
1001	17
1003	16
1005	22
1007	25
1009	777
1011	79
1013	10
1015	5
1017	18
1019	7
1021	9
1023	8
1025	7
1027	8
1029	16
1031	8
1033	9
1035	13
1037	7
1039	5
1041	14
1043	5
1045	125
1047	16
1049	13
1051	1
1053	11
1055	1
1057	2
1059	10
1061	11
1063	4
1065	6
1067	5
1069	2
1071	10
1073	7
1075	6
1077	12
1079	9
1081	5
1083	4
1085	7
1087	9
1089	4
1091	4
1093	7
1095	8
1097	6
1099	8
1101	7
1103	9
1105	10
1107	12
1109	5
1111	3
1113	3
1115	4
1117	8
1119	1
1121	4
1123	5
1125	6
1127	4
1129	4
1131	12
1133	1
1135	5
1137	4
1139	2
1141	5
1143	6
1145	7
1147	3
1149	5
1151	6
1153	3
1155	6
1157	5
1159	3
1161	5
1163	3
1165	4
1167	9
1169	3
1171	4
1173	5
1175	9
1177	4
1179	5
1181	4
1183	6
1185	12
1187	3
1189	4
1191	6
1193	7
1195	4
1197	13
1199	3
1201	2
1203	2
1205	4
1207	12
1209	13
1211	5
1213	3
1215	10
1217	7
1219	2
1221	8
1223	4
1225	4
1227	7
1229	2
1231	1
1233	5
1235	7
1237	3
1239	9
1241	5
1243	4
1245	4
1247	5
1249	2
1251	8
1253	3
1255	4
1257	5
1259	3
1261	2
1263	2
1265	2
1267	7
1269	5
1271	4
1273	4
1275	6
1277	6
1279	1
1281	5
1283	4
1285	4
1287	4
1289	3
1291	5
1293	4
1295	4
1297	7
1299	6
1301	2
1303	1
1305	7
1307	3
1309	1
1311	7
1313	5
1315	2
1317	4
1319	3
1321	6
1323	7
1325	1
1327	2
1329	3
1331	3
1333	1
1335	4
1337	2
1339	6
1341	10
1343	2
1345	1
1347	8
1349	2
1351	2
1353	6
1355	4
1357	4
1359	2
1361	2
1363	4
1365	6
1367	1
1369	1
1371	6
1373	3
1375	3
1377	5
1379	4
1381	2
1383	8
1385	2
1387	4
1389	2
1391	5
1393	1
1395	4
1397	4
1399	1
1401	5
1403	3
1405	3
1407	4
1409	5
1411	2
1413	3
1417	12
1419	4
1421	2
1423	3
1425	4
1427	5
1429	1
1431	4
1433	3
1435	3
1437	6
1439	2
1441	3
1443	7
1445	6
1447	4
1449	2
1451	2
1455	7
1457	3
1461	6
1463	8
1465	5
1467	5
1469	1
1471	1
1473	3
1475	3
1477	7
1479	4
1481	2
1483	3
1485	6
1487	3
1491	6
1493	4
1495	8
1497	2
1499	7
1501	8
1503	1
1505	1
1507	3
1509	2
1511	2
1513	2
1515	7
1517	2
1519	3
1521	3
1523	2
1525	1
1527	5
1529	1
1531	1
1533	3
1535	6
1537	10
1539	4
1541	6
1543	2
1545	4
1547	3
1549	8
1551	2
1553	4
1555	6
1557	2
1559	2
1561	4
1563	3
1565	3
1567	2
1569	5
1571	2
1575	3
1577	4
1579	2
1581	1
1583	1
1585	4
1587	7
1589	5
1591	2
1593	3
1595	8
1597	4
1599	3
1601	5
1603	6
1605	2
1607	4
1611	4
1613	3
1615	3
1617	4
1619	7
1621	2
1623	2
1625	6
1627	5
1629	2
1631	5
1633	2
1635	1
1637	3
1641	7
1643	3
1645	4
1647	3
1649	2
1651	1
1653	2
1655	1
1657	1
1659	4
1661	3
1663	1
1665	7
1667	4
1669	1
1671	3
1673	4
1675	7
1677	4
1679	7
1681	1
1683	3
1685	2
1687	1
1689	2
1691	2
1693	3
1695	1
1697	5
1699	3
1701	4
1703	4
1705	5
1707	3
1709	3
1711	3
1713	2
1717	6
1719	2
1721	4
1723	1
1725	4
1727	3
1729	2
1733	9
1735	2
1737	3
1739	3
1741	4
1743	2
1745	1
1747	6
1749	4
1751	1
1753	4
1755	5
1757	1
1759	3
1761	3
1763	1
1765	3
1767	5
1769	1
1771	2
1773	3
1775	1
1779	3
1781	1
1785	5
1787	1
1789	2
1791	6
1793	3
1795	1
1797	5
1799	2
1801	6
1803	2
1805	3
1811	5
1813	4
1815	3
1817	2
1819	1
1821	2
1823	1
1825	5
1827	3
1829	1
1831	3
1833	6
1835	4
1837	3
1841	2
1845	3
1847	1
1849	1
1851	1
1853	1
1855	1
1861	2
1863	2
1865	1
1867	1
1869	1
1873	3
1875	3
1877	4
1881	1
1883	2
1885	3
1887	2
1889	3
1891	11
1893	2
1895	1
1897	4
1899	3
1901	3
1903	3
1905	1
1907	1
1909	4
1911	2
1913	5
1915	3
1917	3
1919	3
1923	1
1929	3
1937	4
1939	2
1941	5
1943	2
1945	1
1947	6
1949	2
1951	1
1953	5
1957	3
1959	2
1961	1
1963	4
1965	5
1967	1
1969	2
1971	1
1975	1
1977	2
1979	1
1981	1
1983	7
1985	3
1987	4
1989	2
1991	2
1995	4
1999	1
2001	5
2003	2
2005	1
2007	2
2011	1
2013	3
2015	2
2017	1
2019	1
2021	4
2025	5
2027	2
2029	3
2031	1
2035	1
2037	5
2039	1
2041	2
2043	1
2045	2
2047	2
2049	2
2051	3
2055	5
2057	1
2059	1
2061	2
2063	3
2065	1
2067	1
2069	1
2071	4
2077	2
2079	3
2081	5
2083	1
2085	3
2087	3
2091	2
2093	1
2095	2
2097	4
2101	3
2103	2
2105	2
2107	5
2109	1
2111	2
2113	3
2117	2
2119	2
2121	3
2123	1
2125	1
2127	5
2129	1
2131	2
2133	3
2135	2
2137	4
2139	3
2141	2
2143	4
2145	1
2147	4
2151	4
2153	4
2155	5
2157	3
2159	2
2161	2
2163	4
2165	3
2167	3
2169	2
2171	3
2175	2
2179	3
2181	1
2183	1
2185	2
2187	1
2189	1
2193	2
2195	2
2197	1
2199	2
2201	3
2203	2
2205	1
2207	3
2209	1
2211	2
2213	1
2217	2
2219	2
2221	1
2223	3
2227	2
2229	1
2237	1
2241	1
2245	1
2247	3
2251	1
2253	1
2257	3
2261	5
2263	1
2265	3
2267	2
2269	1
2271	2
2275	1
2277	1
2279	2
2287	1
2289	2
2293	1
2297	2
2299	6
2303	1
2307	3
2317	1
2321	2
2323	2
2325	2
2327	1
2339	1
2341	2
2343	1
2349	1
2357	1
2359	1
2361	1
2365	4
2367	1
2373	2
2375	1
2381	2
2385	3
2387	2
2389	1
2391	2
2395	2
2403	2
2405	2
2407	2
2409	1
2411	3
2415	1
2417	4
2419	1
2427	2
2429	3
2431	2
2433	2
2435	1
2437	1
2439	1
2441	1
2443	1
2445	2
2449	1
2453	1
2457	1
2463	1
2467	2
2475	1
2479	1
2481	1
2483	2
2485	1
2493	3
2495	1
2497	1
2503	1
2505	5
2509	1
2511	1
2513	1
2515	5
2517	2
2519	2
2523	1
2525	2
2527	1
2529	1
2535	3
2537	1
2541	3
2543	1
2545	3
2547	1
2551	1
2555	1
2557	1
2561	1
2565	2
2571	1
2573	1
2579	1
2581	2
2585	1
2587	4
2591	4
2593	1
2595	1
2601	1
2603	3
2605	1
2609	1
2613	4
2617	1
2625	3
2627	1
2629	1
2633	2
2635	1
2639	1
2641	1
2645	1
2655	1
2657	1
2663	3
2667	2
2671	1
2677	1
2681	1
2683	1
2685	1
2689	1
2693	1
2695	2
2697	1
2703	3
2717	1
2723	2
2727	2
2739	3
2743	1
2745	1
2749	2
2753	1
2757	2
2759	1
2761	1
2763	2
2765	1
2769	2
2773	1
2775	2
2777	1
2781	3
2785	2
2793	3
2795	1
2799	2
2801	1
2805	2
2807	1
2809	1
2813	1
2815	2
2817	3
2821	1
2823	1
2825	1
2829	1
2831	1
2833	2
2835	3
2839	1
2841	1
2847	1
2853	2
2859	1
2867	2
2869	1
2871	1
2873	1
2875	1
2877	1
2885	1
2887	1
2891	1
2895	1
2907	2
2911	1
2915	1
2919	1
2921	1
2923	3
2925	3
2927	2
2929	1
2933	1
2939	1
2941	1
2943	5
2947	1
2949	1
2951	1
2953	1
2955	3
2957	2
2961	3
2973	1
2975	2
2985	1
2991	3
2995	1
3001	1
3003	1
3005	1
3015	3
3021	1
3027	3
3029	3
3039	2
3043	2
3045	2
3047	2
3049	1
3053	1
3059	1
3063	1
3075	3
3083	2
3087	1
3089	1
3101	2
3105	1
3111	1
3117	1
3119	1
3121	1
3129	1
3141	2
3145	1
3151	1
3157	1
3169	2
3173	1
3177	1
3183	1
3195	1
3197	2
3199	1
3201	3
3211	2
3215	1
3233	1
3237	1
3239	1
3245	1
3263	2
3269	1
3277	1
3279	2
3283	2
3285	1
3287	1
3291	1
3297	2
3299	1
3307	1
3309	1
3327	1
3329	1
3335	1
3337	2
3363	7
3367	1
3373	1
3377	2
3391	1
3393	1
3411	1
3419	1
3427	1
3429	1
3435	1
3441	1
3445	1
3447	3
3449	3
3463	1
3467	1
3475	1
3479	1
3483	1
3485	1
3491	2
3493	1
3507	1
3525	2
3527	1
3533	1
3543	1
3549	1
3553	1
3563	1
3565	1
3577	1
3579	1
3589	1
3591	3
3599	3
3601	2
3615	1
3621	2
3625	1
3631	1
3635	2
3637	2
3647	1
3653	1
3663	1
3667	1
3673	2
3675	1
3683	1
3687	1
3689	3
3691	1
3695	1
3711	1
3725	1
3735	1
3743	1
3753	1
3757	1
3763	1
3775	1
3783	1
3791	1
3795	2
3807	1
3823	1
3825	1
3837	3
3851	1
3855	2
3857	1
3875	3
3929	2
3935	1
3945	2
3949	1
3961	1
3963	1
3971	1
3977	1
3979	2
3993	2
3995	2
3999	1
4017	1
4025	1
4037	1
4095	1
4123	1
4133	1
4139	1
4161	1
4169	1
4177	1
4181	1
4195	1
4215	1
4219	1
4223	2
4233	1
4237	1
4259	1
4263	1
4265	3
4271	2
4275	1
4287	1
4293	4
4297	1
4299	1
4305	1
4309	1
4315	1
4323	1
4347	1
4357	1
4361	1
4363	1
4375	1
4379	1
4389	2
4399	1
4421	1
4423	2
4427	1
4431	1
4447	1
4453	2
4459	1
4469	1
4475	1
4485	1
4493	1
4497	2
4507	1
4511	1
4523	1
4531	1
4559	1
4563	1
4569	3
4575	1
4587	2
4599	1
4623	3
4651	2
4653	2
4657	2
4663	1
4667	2
4671	1
4679	1
4683	1
4685	1
4689	1
4699	1
4725	1
4743	1
4791	1
4795	1
4809	1
4827	1
4849	1
4857	1
4859	2
4883	1
4895	1
4899	2
4905	1
4919	1
4933	1
4935	2
4939	1
4951	1
4971	2
4975	1
4977	2
4983	1
4995	1
5025	1
5037	3
5047	1
5055	1
5069	1
5071	1
5077	1
5085	1
5087	1
5133	1
5139	1
5147	1
5149	1
5189	2
5193	1
5211	1
5223	1
5253	2
5255	1
5265	1
5305	2
5307	1
5319	1
5331	1
5337	1
5341	1
5355	1
5357	1
5377	1
5449	1
5451	1
5467	1
5469	1
5481	1
5491	1
5501	1
5511	1
5517	1
5535	2
5557	1
5561	1
5615	1
5637	1
5653	2
5671	1
5673	1
5703	1
5705	1
5751	1
5777	1
5813	1
5829	1
5837	1
5889	1
5927	1
5943	2
5945	1
5957	1
5969	1
5985	1
5993	1
5995	2
6035	1
6043	1
6045	2
6053	1
6075	1
6079	1
6099	1
6123	2
6141	1
6145	1
6153	1
6165	1
6199	1
6239	1
6307	1
6375	1
6405	1
6411	1
6425	1
6455	1
6519	1
6529	1
6541	1
6545	1
6553	1
6591	1
6603	1
6637	1
6723	1
6729	1
6749	1
6837	2
6839	1
6849	1
6863	1
6903	1
6963	1
7129	2
7141	1
7171	2
7193	1
7215	1
7241	1
7245	1
7391	1
7455	2
7459	1
7461	3
7483	1
7551	1
7555	1
7557	1
7709	1
7711	1
7731	2
7735	1
7757	1
7781	1
7813	2
7849	1
7967	1
7989	2
8031	1
8085	1
8109	1
8131	1
8145	1
8213	1
8251	1
8293	1
8401	1
8631	1
8643	1
8723	2
8731	1
8789	1
8801	1
8929	2
8987	1
9027	1
9141	1
9169	1
9229	1
9297	1
9315	1
9447	1
9465	1
9555	1
9571	1
9577	1
9585	1
9601	1
9625	2
9665	1
9755	1
9831	1
9877	1
9879	1
9885	1
9931	1
9985	2
10035	1
10051	1
10089	1
10241	1
10269	2
10345	1
10437	1
10677	1
10743	1
10753	1
10783	2
10989	1
11165	1
11215	1
11405	1
11411	1
11471	1
11569	1
11961	1
12013	1
12015	15037
12019	1
12021	11484
12085	1
12103	1
12165	1
12171	1
12277	1
12465	1
12905	1
13941	1
14409	1
14799	1
14895	1
14959	1
15065	1
15067	1
15251	1
15411	1
15957	1
16195	1
16359	1
16425	2
16623	1
16923	1
17199	1
17273	1
17509	1
17655	1
17829	1
17913	1
17961	2
19261	1
19373	1
19463	1
19523	1
19643	1
19747	1
20103	1
20903	1
21875	1
21927	1
22539	1
22605	1
22623	1
23175	1
23631	2
23807	1
23873	1
23959	1
24321	1
25059	1
25713	1
27321	1
28487	1
28609	1
29541	1
30111	1
31545	1
32477	2
33085	1
35965	1
38775	1
39461	1
42933	1
43521	1
50767	1
51653	1
56577	1
60165	1
61255	1
62599	1
63831	1
63915	1
64089	1
71253	1
73815	1
75213	1
75531	1
75885	1
83631	1
84563	1
85353	1
90047	1
90411	1
92037	1
93125	1
93809	1
95205	1
95965	1
101365	1
102893	1
105321	1
109143	1
115895	1
139485	1
184973	1
236841	1
255195	1
263141	1
263823	1
353625	1
589809	1
